iters,fevals,fitness,times
0,1049,2836.568106169655,0.0007396370000001262
10,2090,3066.5955530839665,0.0014926360000000471
20,3139,3257.440457678176,0.0022361459999999944
30,4182,3228.6934513749197,0.0029691230000001845
40,5212,3324.994334981957,0.003695524000000283
50,6254,3357.066560814734,0.004424107000000621
60,7292,3281.0241754336175,0.005153723000000721
70,8338,3425.5434002983316,0.005891336000000802
80,9371,3243.9211828399216,0.006619870000000638
90,10420,3356.9955716332875,0.007348735000000328
100,11454,3410.170920046281,0.00807575900000046
110,12495,3431.3727505453444,0.008831132000000519
120,13534,3331.4331531491134,0.009574576000000334
130,14567,3408.8422547813902,0.010309828000000465
140,15606,3364.1102998507913,0.011039880000000668
150,16640,3430.7958811856943,0.01177028700000049
160,17678,3409.09713904808,0.012498682000000372
170,18717,3465.317421058764,0.013236932000000312
180,19757,3412.7303704990904,0.013963816000000406
190,20800,3373.5145779949644,0.014692934000000601
200,21842,3452.6050239976917,0.015445899000000374
210,22886,3457.2156299960393,0.016182283000000464
220,23924,3393.2730397224154,0.016915220000000453
230,24966,3404.8046463077494,0.017650717000000427
240,26008,3424.504688187024,0.01838026000000026
250,27045,3449.14284808216,0.019107070000000004
260,28079,3459.722876788429,0.019835745000000404
270,29118,3473.5539268001094,0.02056262400000053
280,30169,3448.13824466486,0.021297010000000505
290,31213,3502.032894036515,0.0220246740000003
300,32254,3478.9438467340237,0.022771867000000334
310,33296,3502.696739230214,0.02350815700000064
320,34335,3479.3652062395845,0.024239310000000458
330,35381,3478.247810112843,0.024973814000000427
340,36424,3508.3760303096055,0.025703969000000715
350,37468,3526.144480103414,0.026434770000000718
360,38504,3541.686055721578,0.027165093000000695
370,39548,3503.2355195506148,0.027892344000000957
380,40589,3504.2004487848412,0.028628865000000836
390,41627,3508.3760303096055,0.02939542500000103
400,42675,3470.491007977838,0.03013696000000099
410,43718,3481.2895331414506,0.030871941000001346
420,44757,3529.1430276822107,0.031600723000001274
430,45800,3496.415383761179,0.032332822000001205
440,46840,3506.1207613403617,0.03307189200000149
450,47886,3506.6226028245505,0.0338036150000014
460,48923,3444.901157787266,0.034535941000001014
470,49961,3446.7314612625273,0.03526839500000101
480,50998,3493.8793819206753,0.036027730000001146
490,52039,3427.656200164356,0.03676801800000096
500,53088,3426.4268387693287,0.037509659000000806
510,54136,3492.8207114101638,0.038244366000000696
520,55168,3484.3579863286636,0.03897835600000077
530,56217,3453.4067092546948,0.039715101000000974
540,57254,3438.225909795099,0.04044610000000093
550,58287,3476.189814795941,0.041181770000001006
560,59324,3445.641987456246,0.04191198900000126
570,60366,3450.5605616548505,0.04265485800000102
580,61407,3460.246400261764,0.04340335900000092
590,62444,3465.9942442362144,0.044148248000000834
600,63476,3450.187336933805,0.04488925200000082
610,64521,3448.8388098916284,0.04562167800000072
620,65563,3426.574193395741,0.04635381500000113
630,66595,3432.2114604447033,0.04708750000000128
640,67632,3448.8388098916284,0.04781868800000133
650,68675,3444.2775043698125,0.0485504100000016
660,69711,3434.8788721602314,0.04930065800000172
670,70747,3433.337056242226,0.050046103000001896
680,71785,3462.2978357292313,0.05079069700000227
690,72829,3448.8388098916284,0.051526977000002194
700,73869,3420.8658684559505,0.052258363000002195
710,74912,3419.36508445878,0.052997690000001985
720,75951,3411.884312780194,0.053731791000001916
730,76999,3403.9444834285828,0.05446473000000163
740,78033,3441.654687954079,0.05519643700000154
750,79065,3417.74771136686,0.055928658000001796
760,80108,3412.4781349972454,0.05668753200000154
770,81150,3400.98114258516,0.05743084300000145
780,82187,3396.1879696918195,0.05816837700000166
790,83226,3409.0342084198433,0.05889970300000158
800,84269,3433.7294828331155,0.05963022900000192
810,85304,3417.497915106596,0.060363016000001934
820,86333,3414.1850577204063,0.061099391000001724
830,87373,3466.2245263101986,0.06182969500000146
840,88410,3431.451713329583,0.06256319100000152
850,89450,3499.502972315266,0.06329765500000128
860,90491,3490.7919400097503,0.06405021400000122
870,91519,3537.501372208139,0.06479608500000111
880,92556,3477.103332443125,0.06553477500000104
890,93597,3516.00044018902,0.06626769300000124
900,94633,3524.439913605864,0.06699906500000097
910,95675,3527.649414586011,0.06773291600000109
920,96719,3524.439913605864,0.06846879100000125
930,97764,3525.383851994225,0.06919872400000138
940,98808,3491.7533158536594,0.0699320920000015
950,99840,3486.7548129327715,0.07068568200000147
960,100879,3502.5969864251915,0.07142415500000121
970,101918,3506.5746242936584,0.0721619010000012
980,102959,3515.6156363812975,0.0729010600000013
990,103997,3550.2650011297615,0.07363324200000099
1000,105031,3581.4389114856417,0.0743660690000012
1010,106068,3569.4902431841897,0.07510469200000092
1020,107116,3588.808909646589,0.07584005800000115
1030,108153,3574.9609498399554,0.07657737400000109
1040,109187,3628.5491512673175,0.07733189100000093
1050,110223,3648.7733340605473,0.07806802300000104
1060,111263,3613.4522499330574,0.07880143600000089
1070,112308,3588.8605279729504,0.07953497000000054
1080,113345,3619.6161664142296,0.08027464700000042
1090,114388,3622.627541018022,0.08100722000000049
1100,115433,3621.9245743200486,0.08174097200000041
1110,116469,3611.267587119452,0.08247306500000029
1120,117518,3612.829468178433,0.08320465700000046
1130,118559,3605.264193604634,0.0839484270000006
1140,119594,3556.7328644786608,0.08471549900000053
1150,120632,3625.718618230432,0.08545271200000037
1160,121668,3586.2432055256363,0.08618889200000046
1170,122702,3612.074416178824,0.08692086400000054
1180,123739,3610.5058916246016,0.08765327200000073
1190,124766,3629.3757796715336,0.0883919750000004
1200,125806,3622.728759569775,0.08912479500000048
1210,126844,3601.5702544626083,0.08985659100000065
1220,127886,3662.5213271181838,0.09060540200000045
1230,128926,3611.5106789519077,0.09134632200000015
1240,129965,3637.511245275277,0.09208705600000044
1250,131007,3631.594126832904,0.09282725500000044
1260,132051,3624.9370665322563,0.09355926400000047
1270,133099,3669.997571635025,0.09429019500000013
1280,134146,3666.747868981393,0.09502334799999979
1290,135180,3652.6589163172393,0.09575722200000003
1300,136229,3658.2372501970367,0.09649434200000018
1310,137265,3677.447386301112,0.09723147500000007
1320,138302,3695.862772149885,0.09799840600000032
1330,139346,3691.078786015593,0.09874595000000053
1340,140380,3718.519551450539,0.09948350200000089
1350,141423,3676.549753233107,0.10022491700000069
1360,142465,3691.078786015593,0.10095614600000058
1370,143514,3671.81011925215,0.10169148300000064
1380,144549,3674.1358548319713,0.10242633000000101
1390,145587,3678.9330644550632,0.10315623000000107
1400,146632,3686.8831155400894,0.10388517900000105
1410,147669,3677.447386301112,0.10464841900000144
1420,148706,3648.4928809307557,0.10538514600000148
1430,149748,3662.4114602311106,0.10611549200000114
1440,150786,3631.0232934535466,0.10684218800000123
1450,151813,3645.256025886524,0.10756764600000102
1460,152853,3617.5250205500615,0.10830115700000098
1470,153885,3596.7855413396087,0.10902790300000076
1480,154916,3670.4108376660315,0.10975497500000087
1490,155960,3646.299251599132,0.11048101000000088
1500,157005,3640.262502223894,0.11121453700000083
1510,158052,3646.299251599132,0.11196933400000075
1520,159092,3647.3854474268073,0.11270484600000064
1530,160135,3646.299251599132,0.11343691300000058
1540,161178,3641.456332295675,0.11416462100000047
1550,162213,3641.456332295675,0.11488956400000072
1560,163259,3663.186507525204,0.11561629500000059
1570,164302,3663.848293776287,0.11635490100000068
1580,165340,3673.4289242170976,0.1170833580000008
1590,166375,3613.9816239735396,0.11781094700000061
1600,167407,3664.481722534899,0.1185636690000007
1610,168447,3603.9790833900465,0.11930131000000088
1620,169498,3586.755287309846,0.12004952600000074
1630,170543,3641.456332295675,0.12078145700000098
1640,171580,3646.299251599132,0.12150926500000114
1650,172626,3641.456332295675,0.12223638600000131
1660,173669,3646.299251599132,0.12296395500000168
1670,174712,3654.4884827261176,0.12369552400000172
1680,175753,3641.456332295675,0.12442024400000173
1690,176792,3696.7034913394336,0.12517044500000152
1700,177834,3648.23515596141,0.12590522100000134
1710,178886,3686.1160389433703,0.12664140300000115
1720,179931,3673.083888512928,0.127369030000001
1730,180972,3693.5670285024535,0.12810676400000087
1740,182009,3665.567918362575,0.12883324400000085
1750,183045,3705.40151613852,0.1295616560000008
1760,184090,3710.520685701874,0.130290817000001
1770,185138,3642.107605949374,0.1310179400000009
1780,186181,3641.456332295675,0.13175331600000062
1790,187217,3693.0206393617764,0.13250272300000088
1800,188261,3721.2379887842594,0.13323785800000065
1810,189306,3646.5287838373797,0.13396981300000066
1820,190350,3676.8063571933426,0.13469818000000044
1830,191393,3693.0206393617764,0.13542797300000053
1840,192429,3705.40151613852,0.13616128200000066
1850,193472,3664.425480416599,0.13689013700000086
1860,194509,3696.448592712594,0.1376181930000011
1870,195546,3705.40151613852,0.13834651800000097
1880,196588,3693.0206393617764,0.13909176700000092
1890,197621,3705.40151613852,0.1398385700000011
1900,198664,3710.0092802257627,0.14057259100000108
1910,199701,3705.40151613852,0.14130041600000132
1920,200733,3661.611312341038,0.14202988500000124
1930,201770,3693.0206393617764,0.14275531100000105
1940,202817,3650.096954530603,0.1434864210000013
1950,203857,3691.719031692079,0.14421531500000118
1960,204896,3698.294920399067,0.14494404800000105
1970,205932,3631.7185209713048,0.14569387600000105
1980,206981,3690.248169253679,0.14642933300000083
1990,208024,3655.242918311896,0.14716184200000093
2000,209057,3637.447892320274,0.14789538600000096
2010,210095,3612.164596994574,0.14862223200000102
2020,211136,3607.596966493611,0.14935232700000123
2030,212182,3623.857947038549,0.1500804250000014
2040,213221,3643.0640146758415,0.15080766700000137
2050,214265,3655.9343241959778,0.15154193500000135
2060,215305,3634.286757795943,0.15227057300000135
2070,216348,3646.5850257431925,0.15302119800000114
2080,217388,3628.035668993648,0.15375481700000115
2090,218432,3640.422860459687,0.154486899000001
2100,219468,3663.040919935431,0.15521462100000072
2110,220504,3651.590596709752,0.15594733600000055
2120,221554,3634.286757795943,0.15667395300000075
2130,222593,3640.2477918275267,0.1574021330000006
2140,223636,3644.5666009174934,0.15812937500000057
2150,224676,3644.2042822610706,0.15885666200000026
2160,225717,3658.851339294189,0.15961192000000013
2170,226749,3663.040919935431,0.16034866400000025
2180,227779,3663.040919935431,0.16108119600000048
2190,228812,3656.40108855356,0.16180655400000044
2200,229845,3663.040919935431,0.16253319700000057
2210,230886,3663.040919935431,0.16326509100000042
2220,231923,3663.040919935431,0.16399306100000066
2230,232963,3703.674814692493,0.16472185300000097
2240,234000,3663.040919935431,0.16544991200000103
2250,235040,3662.987064383028,0.16618690700000105
2260,236082,3661.507315800451,0.16692962100000086
2270,237124,3663.040919935431,0.1676679420000009
2280,238167,3651.0108973990623,0.168395862000001
2290,239209,3687.2425294336767,0.16912545900000087
2300,240253,3642.928112269492,0.169853492000001
2310,241298,3645.919247037317,0.1705811990000008
2320,242336,3698.8241088012055,0.171313967000001
2330,243363,3678.295327751478,0.17204294600000125
2340,244404,3697.235769242458,0.17277256500000115
2350,245440,3682.69145821239,0.1735211990000014
2360,246488,3666.443386402206,0.17425984200000144
2370,247526,3647.1810316880383,0.17499135900000162
2380,248564,3647.969067384269,0.17572439000000184
2390,249600,3631.366479816749,0.1764532450000016
2400,250638,3649.840798834686,0.17718155200000174
2410,251679,3672.8661890739104,0.17790820800000207
2420,252714,3641.305362887849,0.1786357920000019
2430,253752,3620.3114007277613,0.17936779000000191
2440,254790,3670.994457623493,0.18011575700000204
2450,255830,3642.130727274075,0.18085358600000223
2460,256859,3654.391870055973,0.18158426100000247
2470,257892,3634.1333366969407,0.1823137420000025
2480,258934,3602.618265465567,0.18304959200000237
2490,259979,3664.117248051054,0.18377702100000226
2500,261010,3623.060693714119,0.184501319000002
2510,262051,3650.178418057163,0.18522772000000165
2520,263091,3665.910722850556,0.18595793700000174
2530,264132,3646.545608994937,0.18668976700000162
2540,265175,3659.1193681380614,0.18743564300000193
2550,266218,3653.0966550462776,0.18817918100000197
2560,267258,3646.4440774697396,0.18890709100000214
2570,268299,3659.1193681380614,0.18963624500000176
2580,269322,3643.8859744642764,0.19036957100000151
2590,270363,3657.7746114433353,0.19110853100000158
2600,271408,3638.298554729223,0.19184162500000168
2610,272453,3651.41317721702,0.1925748910000018
2620,273499,3605.0666074878404,0.19330681300000174
2630,274539,3643.360111382336,0.1940672260000018
2640,275583,3614.5219780657635,0.1948130550000018
2650,276630,3686.8746660899324,0.19554788100000176
2660,277674,3671.659437919667,0.19628078900000157
2670,278727,3678.672240476282,0.1970155020000015
2680,279763,3680.8986707099602,0.19774759600000147
2690,280805,3707.1944223155683,0.1984819940000011
2700,281849,3686.2101979495687,0.1992186490000014
2710,282888,3737.5458239322425,0.19995203200000145
2720,283922,3664.0899068942895,0.2006851440000017
2730,284958,3612.576490600548,0.2014400870000017
2740,285997,3646.253103202059,0.20217786600000176
2750,287036,3703.922211664359,0.20292278500000194
2760,288078,3680.5656775970688,0.20365363600000208
2770,289122,3668.0838000255662,0.204385885000002
2780,290167,3700.0563919469887,0.20511926700000194
2790,291214,3678.3067491134075,0.20585266900000176
2800,292257,3685.2401427383534,0.20658605600000168
2810,293300,3702.2980770519143,0.2073283550000018
2820,294340,3669.1451204868276,0.2080787410000018
2830,295376,3667.526901163292,0.20881775500000144
2840,296411,3683.7291227978026,0.20955242200000157
2850,297450,3734.0777480496604,0.21028486700000126
2860,298479,3716.6108181683626,0.21102532800000162
2870,299528,3711.9169348556284,0.21176075600000166
2880,300565,3649.709515749902,0.2124936280000016
2890,301601,3647.411509519654,0.21322867600000173
2900,302643,3687.4166393068135,0.2139637330000017
2910,303696,3639.3974201095593,0.21472428600000182
2920,304736,3634.168938737812,0.215463623000002
2930,305776,3622.689829586275,0.21620058500000194
2940,306820,3605.3887466017045,0.216933453000002
2950,307856,3664.4923794912042,0.2176633600000022
2960,308898,3601.1644562641704,0.21839474000000214
2970,309939,3704.7621106521433,0.2191345010000023
2980,310974,3637.7968026045087,0.21986656500000246
2990,312020,3678.245755881696,0.22059922200000281
3000,313051,3647.918750897591,0.22135367000000272
3010,314085,3644.486556779888,0.22209442500000254
3020,315122,3661.4751976438743,0.22283372000000234
3030,316157,3676.638101051734,0.2235646640000022
3040,317190,3672.849581288492,0.22429503500000214
3050,318232,3677.692500591949,0.22502778600000228
3060,319276,3651.094023511866,0.2257650130000024
3070,320315,3681.2548823047346,0.22650183400000223
3080,321363,3683.2256367610175,0.22723588500000247
3090,322402,3672.030336964491,0.22798874800000224
3100,323446,3672.030336964491,0.22874414900000195
3110,324488,3667.5119470191116,0.22948434800000195
3120,325513,3715.157230504469,0.2302174980000018
3130,326555,3700.6474686525385,0.2309566050000016
3140,327598,3741.865116398264,0.23168959800000177
3150,328636,3713.028345429282,0.23242018500000183
3160,329675,3741.865116398264,0.24091966500000161
3170,330721,3754.5280546864437,0.2416538860000017
3180,331758,3742.8310540975467,0.24240605500000179
3190,332790,3775.9123308596486,0.24314390800000174
3200,333830,3775.9123308596486,0.24387699300000198
3210,334864,3740.667453603889,0.2446078990000018
3220,335901,3757.438011841711,0.2453352130000015
3230,336944,3747.3072849857595,0.24607142500000112
3240,337983,3741.865116398264,0.24680767500000123
3250,339023,3742.8310540975467,0.24753546800000148
3260,340057,3742.8310540975467,0.2482683910000012
3270,341093,3741.865116398264,0.2490304790000013
3280,342131,3691.655419005807,0.2497721890000011
3290,343165,3699.858484578544,0.2505138490000012
3300,344212,3727.850385803205,0.25124183600000105
3310,345257,3722.2089218241576,0.2519696500000008
3320,346294,3769.0567597591057,0.2526988920000006
3330,347336,3698.0541181564863,0.25342661400000077
3340,348380,3696.6535420624164,0.2541594170000008
3350,349425,3690.9690398464286,0.2548864430000011
3360,350464,3676.9295538064034,0.25565214700000105
3370,351504,3709.2054430473504,0.2563864240000009
3380,352541,3715.835677912938,0.257117532000001
3390,353584,3702.8035274824956,0.2578453420000013
3400,354632,3732.0598771985156,0.2585810990000015
3410,355670,3715.835677912938,0.25930702200000155
3420,356705,3716.417316384216,0.2600336050000016
3430,357742,3720.554719804526,0.2607617560000013
3440,358784,3715.835677912938,0.26149113000000135
3450,359822,3715.3429495430296,0.26222692500000155
3460,360852,3688.960218874841,0.2629777710000014
3470,361893,3684.3292084645577,0.2637110700000016
3480,362929,3731.009235808534,0.2644428630000015
3490,363965,3752.7394110380633,0.2651726670000012
3500,365004,3715.305182766865,0.2659011080000009
3510,366040,3712.5645413010175,0.2666315860000008
3520,367079,3731.803301897364,0.2673595030000011
3530,368124,3753.1404719160632,0.2680910840000008
3540,369164,3711.2462891613695,0.26882002600000066
3550,370208,3713.3289828794263,0.26957472000000093
3560,371245,3742.5853325954463,0.27032088200000093
3570,372282,3691.1934548096137,0.27105656600000083
3580,373326,3701.614539932633,0.2717871070000011
3590,374368,3692.771970143432,0.27252288200000097
3600,375413,3709.602890771881,0.2732549960000008
3610,376451,3736.684494603727,0.273993748000001
3620,377490,3708.1172126179295,0.27472461300000095
3630,378536,3722.556011645376,0.27545564700000114
3640,379572,3731.2540364444626,0.2762022860000011
3650,380613,3705.178025155347,0.27694336500000105
3660,381650,3707.819481947664,0.2776775270000007
3670,382685,3677.5161773545333,0.2784248120000008
3680,383723,3677.5161773545333,0.2791578230000007
3690,384767,3704.1167292776295,0.2798921250000008
3700,385801,3673.415141930875,0.2806239130000008
3710,386842,3683.359406820028,0.2813555980000011
3720,387887,3661.410045685166,0.28209136200000096
3730,388921,3670.1592857192836,0.28282187200000086
3740,389960,3677.5161773545333,0.2835739600000009
3750,391001,3677.5161773545333,0.28432245300000103
3760,392034,3683.1402209146954,0.2850612000000008
3770,393068,3676.220962344838,0.2858066340000005
3780,394108,3673.415141930875,0.28654240700000067
3790,395153,3677.9518093693937,0.2872743330000005
3800,396182,3673.415141930875,0.28800646700000065
3810,397223,3702.4384014391976,0.28873933000000074
3820,398265,3690.666395401186,0.28947522200000053
3830,399309,3663.1227368995415,0.2902375550000005
3840,400340,3708.4246379461433,0.2909778040000006
3850,401373,3672.9616780642195,0.2917103420000009
3860,402414,3681.0480693868576,0.2924465120000006
3870,403457,3661.410045685166,0.29318120800000047
3880,404493,3660.627109844488,0.29391814700000074
3890,405536,3677.9335318762546,0.2946512580000009
3900,406575,3661.106118196339,0.2953826800000008
3910,407620,3674.4845990305744,0.2961155170000005
3920,408660,3653.8927782585392,0.29687770100000055
3930,409697,3657.9623489237233,0.29763292700000044
3940,410737,3670.7593441379518,0.29836758700000043
3950,411777,3686.2142021536197,0.29910143800000055
3960,412817,3673.415141930875,0.2998336700000004
3970,413860,3671.4794279792955,0.30056475100000046
3980,414903,3699.4143232543643,0.30129548200000045
3990,415938,3717.4892073908836,0.302035826
4000,416979,3687.0967113482393,0.3027684690000001
4010,418016,3707.98384556931,0.3035007270000003
4020,419062,3725.6784385178694,0.3042553320000003
4030,420098,3709.344517698074,0.3049972959999998
4040,421135,3689.2326425834526,0.30574457300000013
4050,422180,3686.64983416848,0.3064788620000005
4060,423217,3752.7394110380633,0.3072098090000006
4070,424261,3731.009235808534,0.30794310600000063
4080,425301,3686.2142021536197,0.30867558700000064
4090,426343,3670.108070484253,0.30941646600000094
4100,427385,3670.108070484253,0.31016071900000064
4110,428418,3670.108070484253,0.31091661200000065
4120,429454,3683.1402209146954,0.31165567700000096
4130,430502,3686.6022219200354,0.312389253000001
4140,431539,3720.4217834124706,0.3131226620000005
4150,432575,3644.2340968081608,0.31386092199999993
4160,433612,3670.108070484253,0.3145930649999995
4170,434658,3666.065656975604,0.31532754999999923
4180,435704,3701.773550478798,0.3160630179999995
4190,436752,3662.7173759502357,0.3167956519999997
4200,437798,3688.5823895021904,0.3175359179999999
4210,438831,3672.800636468253,0.3182971799999992
4220,439870,3688.5823895021904,0.3190399779999993
4230,440915,3662.7084158260986,0.3197761219999986
4240,441957,3681.377833305503,0.32050594599999815
4250,443003,3670.608505936773,0.3212474719999978
4260,444047,3660.4197596915087,0.3219811219999986
4270,445089,3694.239321183944,0.32271184499999883
4280,446126,3717.7959761953057,0.3234441629999987
4290,447161,3713.0221287543163,0.32417919599999845
4300,448192,3676.8754054748583,0.3249562379999986
4310,449227,3698.498160674804,0.32570577899999886
4320,450269,3719.461310559696,0.32643729099999863
4330,451308,3710.6949669672936,0.32716885599999834
4340,452354,3696.5279773185334,0.3279017439999983
4350,453397,3710.6949669672936,0.328634682999998
4360,454440,3704.380816001358,0.32937294099999814
4370,455473,3673.2107389971393,0.33010503899999755
4380,456508,3678.053658300596,0.3308379179999976
4390,457550,3696.5279773185334,0.33159135299999765
4400,458591,3666.896588031204,0.3323391359999972
4410,459633,3691.6850580150767,0.3330830419999975
4420,460669,3661.965137216546,0.33381723899999827
4430,461711,3664.35140301059,0.334549340999998
4440,462752,3691.6850580150767,0.335281703999998
4450,463801,3691.6850580150767,0.3360160439999982
4460,464836,3690.3920672306986,0.3367489889999975
4470,465886,3724.3263666817743,0.33748756899999766
4480,466918,3755.8420795509496,0.3382283539999973
4490,467949,3737.7031572176184,0.3389738789999974
4500,468990,3730.134385125408,0.3397103339999967
4510,470023,3710.1593770330146,0.34044233699999626
4520,471056,3729.842977731668,0.34118344499999687
4530,472101,3710.1593770330146,0.34191842799999694
4540,473139,3670.521539247602,0.34265518599999645
4550,474178,3692.8909791192978,0.34338671499999673
4560,475218,3674.712435085564,0.3441178049999971
4570,476267,3719.6011817796925,0.344871935999997
4580,477311,3678.500954848806,0.3456252899999974
4590,478360,3661.5123139848192,0.34635844999999765
4600,479407,3704.6623701071676,0.3470873439999975
4610,480448,3710.68871010642,0.3478133639999976
4620,481495,3722.0235250724836,0.34853936599999713
4630,482536,3727.0445728394816,0.34927344299999774
4640,483571,3689.2504660791597,0.3500016619999977
4650,484604,3689.322973969577,0.35073019399999783
4660,485645,3722.3596073401714,0.3514745469999978
4670,486688,3694.884899018036,0.35221725699999773
4680,487725,3681.2627723867804,0.35295325299999813
4690,488764,3680.7890259264027,0.35368008399999784
4700,489798,3695.761603679316,0.3544092079999972
4710,490831,3703.2421008153237,0.3551357429999973
4720,491873,3667.588904825658,0.3558629059999969
4730,492905,3687.2153756177386,0.35658901199999615
4740,493955,3652.9411097791944,0.3573214839999954
4750,494996,3686.9249360142376,0.35804966899999613
4760,496039,3744.0623167303966,0.3588016329999961
4770,497078,3748.3177237230116,0.35954478899999565
4780,498114,3690.406377039086,0.36029109499999556
4790,499158,3686.9249360142376,0.36102814599999533
4800,500195,3728.2865622291006,0.3617559679999953
4810,501233,3686.5304410058657,0.36248435599999507
4820,502266,3658.3786046487567,0.3632116179999949
4830,503308,3684.415636932986,0.3639424909999951
4840,504362,3658.3786046487567,0.36468175899999444
4850,505403,3668.203873787236,0.3654196389999944
4860,506451,3684.2436182007114,0.36616565399999423
4870,507498,3670.759481425501,0.3668937979999942
4880,508536,3694.3219713571916,0.3676238219999943
4890,509576,3687.384232745674,0.3683503139999944
4900,510612,3696.6334551015925,0.3690838159999945
4910,511647,3696.6334551015925,0.36981084899999406
4920,512689,3696.6334551015925,0.3705391999999934
4930,513738,3670.759481425501,0.37127081699999387
4940,514776,3671.052457224104,0.3720086309999946
4950,515819,3713.132455762915,0.372762488999995
4960,516869,3713.593402231821,0.3734989039999945
4970,517914,3690.696232274349,0.3742286469999945
4980,518951,3684.2525783248484,0.3749596419999941
4990,519996,3713.132455762915,0.37568571499999415
5000,521041,3700.751578986171,0.3764136379999945
5010,522085,3671.2204278944064,0.37714672799999516
5020,523134,3703.538055519999,0.37787421499999496
5030,524175,3699.7177412489777,0.37860483399999545
5040,525222,3687.719428555729,0.3793563869999961
5050,526263,3677.980811604745,0.3800914599999956
5060,527300,3701.775667910807,0.3808281079999958
5070,528339,3663.7133220180717,0.3815579559999964
5080,529375,3679.0423087796776,0.3822864529999963
5090,530409,3679.0423087796776,0.383017814999997
5100,531453,3667.884765258628,0.3837470229999971
5110,532497,3700.20239288422,0.38448046499999755
5120,533540,3679.0423087796776,0.3852076279999972
5130,534575,3679.0423087796776,0.38595027999999765
5140,535609,3679.0423087796776,0.3866954449999982
5150,536649,3691.9789169665214,0.3874290599999979
5160,537683,3672.3883215537526,0.3881572259999979
5170,538724,3697.303697050192,0.3888922529999972
5180,539769,3713.1016417887863,0.3896213379999969
5190,540816,3670.8360927083063,0.39034836799999706
5200,541854,3686.4782665837106,0.39107839299999725
5210,542895,3707.6383506882535,0.3918090759999968
5220,543931,3698.3263966887066,0.39255315399999713
5230,544973,3681.7643770121613,0.39329339399999697
5240,546015,3700.0701743960494,0.3940340589999973
5250,547051,3693.601211786624,0.394760481999997
5260,548092,3717.7330533081945,0.39548864299999753
5270,549128,3714.761295891167,0.39622383299999697
5280,550169,3690.649709824267,0.39695231699999667
5290,551207,3693.601211786624,0.39768086299999617
5300,552249,3719.4864807932495,0.3984102959999962
5310,553292,3720.1234352571155,0.39913690399999613
5320,554326,3692.027936760037,0.3998906719999962
5330,555368,3722.4469428797433,0.40064474099999625
5340,556407,3714.761295891167,0.4013770849999956
5350,557456,3699.7248790791464,0.4021050299999951
5360,558490,3698.7355561060417,0.402833215999995
5370,559529,3688.480956482303,0.4035603879999945
5380,560572,3714.761295891167,0.40429381399999453
5390,561612,3722.4582382102762,0.40502632999999477
5400,562656,3693.601211786624,0.40575360799999505
5410,563698,3716.2258134884178,0.40651278799999524
5420,564736,3666.164966159662,0.4072500189999957
5430,565778,3679.511092243987,0.4079833589999957
5440,566819,3687.2366282368316,0.40872318599999513
5450,567849,3681.42096862706,0.40945062199999516
5460,568897,3693.957882008282,0.4101804529999953
5470,569944,3672.9708010094173,0.4109086629999954
5480,570975,3695.3549579047617,0.4116365039999952
5490,572012,3679.1830793869894,0.4123695049999956
5500,573058,3698.835814561372,0.4130976409999958
5510,574091,3698.835814561372,0.4138481929999953
5520,575128,3652.477656056655,0.41458523799999547
5530,576174,3671.963122986951,0.41531382299999553
5540,577218,3698.835814561372,0.4160489979999955
5550,578263,3678.34266960861,0.41677839599999533
5560,579304,3697.8301421248066,0.4175050299999947
5570,580347,3665.9617928318658,0.41823535699999503
5580,581380,3688.5047581315803,0.4189642759999952
5590,582416,3688.9800873110926,0.41969350499999525
5600,583446,3674.2889658159747,0.42044991299999523
5610,584488,3680.778644244116,0.4211864639999954
5620,585528,3684.0372406622087,0.42191691699999545
5630,586574,3711.18426867868,0.42264463199999547
5640,587613,3690.606736709194,0.42337368599999525
5650,588655,3667.5813464699704,0.4241091489999951
5660,589689,3684.0372406622087,0.42483656899999467
5670,590721,3679.3220241709205,0.42556500999999525
5680,591756,3683.0668462240346,0.42629164999999514
5690,592805,3691.702900947664,0.4270273339999955
5700,593850,3684.0372406622087,0.42778201099999524
5710,594888,3676.3706653353597,0.4285202699999955
5720,595927,3681.0654832451814,0.42925283899999567
5730,596966,3684.674195126075,0.42998150199999596
5740,598003,3645.452194846993,0.4307116829999966
5750,599039,3696.5936810033268,0.43144140199999637
5760,600080,3667.5813464699704,0.43217827799999675
5770,601128,3724.9234540195275,0.43291616199999616
5780,602177,3671.954162862814,0.4336623319999964
5790,603215,3685.4647101369983,0.4344205459999957
5800,604251,3660.7141423964977,0.43515578399999644
5810,605298,3671.444911211116,0.435899005999997
5820,606337,3643.3590039176365,0.4366308419999969
5830,607373,3646.0891493108593,0.437361380999997
5840,608408,3655.5296641918285,0.4380948089999972
5850,609444,3642.4804374299656,0.4388271419999974
5860,610484,3658.3227631483333,0.439561249999997
5870,611522,3675.926095547386,0.44029840699999756
5880,612556,3701.8270379123646,0.44104491199999707
5890,613594,3672.246193970908,0.44178680199999665
5900,614630,3710.0530823680347,0.44252248999999644
5910,615667,3694.9795531020377,0.44326005599999707
5920,616715,3694.7283744864417,0.4439994409999972
5930,617762,3697.5679977991726,0.4447307299999972
5940,618802,3702.119069020459,0.445463637999997
5950,619843,3722.2447555212016,0.4461947579999972
5960,620880,3697.5679977991726,0.44692969299999685
5970,621925,3697.4055166045355,0.44769284599999715
5980,622967,3714.4947697930656,0.4484339209999968
5990,624009,3705.7463615996285,0.449178264999996
6000,625045,3716.83576564688,0.4499118989999955
6010,626084,3697.5679977991726,0.45064145099999564
6020,627125,3700.123921501034,0.45137526999999533
6030,628165,3697.5679977991726,0.4521149259999957
6040,629197,3697.5679977991726,0.4528502839999957
6050,630238,3695.4347188637926,0.4535835719999959
6060,631274,3729.684056973936,0.45431911199999586
6070,632318,3748.6696164999466,0.45507303299999613
6080,633357,3699.1477127125563,0.45581677599999626
6090,634397,3704.670358071788,0.4565510979999958
6100,635438,3716.043357885345,0.45728553999999644
6110,636480,3694.193145836907,0.4580168919999963
6120,637512,3694.200483878677,0.45875113999999595
6130,638549,3700.086325004927,0.4594880379999955
6140,639590,3692.9849154121807,0.46021896899999515
6150,640622,3683.644750002521,0.46095450199999455
6160,641659,3697.5679977991726,0.461720876999995
6170,642694,3666.3843941568603,0.46246012999999486
6180,643729,3688.620796116974,0.46319467899999545
6190,644767,3678.7981079924743,0.46393710499999496
6200,645799,3688.620796116974,0.46467072599999515
6210,646847,3662.8742206086645,0.4653999539999951
6220,647887,3665.59540587775,0.4661323639999946
6230,648925,3668.972838853995,0.4668650289999947
6240,649967,3686.8193684491575,0.4676033719999948
6250,651008,3678.7981079924743,0.4683529029999951
6260,652043,3697.5679977991726,0.46909502399999514
6270,653091,3695.5851194541365,0.4698276319999959
6280,654135,3702.550347634195,0.4705660049999967
6290,655176,3702.550347634195,0.4713100219999964
6300,656210,3709.651850489609,0.47204724699999634
6310,657250,3702.718318304497,0.4727838089999965
6320,658294,3702.550347634195,0.47351705399999666
6330,659336,3702.550347634195,0.4742508069999971
6340,660378,3670.5777557127726,0.4808273409999977
6350,661421,3675.4206750162293,0.4819693849999984
6360,662458,3718.8208646681605,0.4831097609999988
6370,663494,3694.6993101904663,0.4842534599999988
6380,664537,3744.0385833843243,0.48537094599999886
6390,665569,3695.795474428937,0.48648876499999893
6400,666603,3676.389136442531,0.4876125369999995
6410,667640,3671.6739199512426,0.48874413999999966
6420,668675,3694.407279082372,0.48991115899999915
6430,669712,3718.8208646681605,0.4910549859999991
6440,670754,3715.443424439147,0.49217752699999906
6450,671795,3707.3574512612263,0.4933050079999992
6460,672835,3669.508846160068,0.4944201469999996
6470,673875,3672.345109296546,0.4955568649999993
6480,674915,3694.7440956683627,0.49670889599999857
6490,675956,3711.3907375430294,0.49783696899999885
6500,676998,3692.556229796131,0.4989586509999988
6510,678034,3681.7516313546084,0.5000747279999986
6520,679078,3695.1285589227577,0.501191959999999
6530,680114,3724.652182219507,0.5023356549999987
6540,681153,3725.269199861785,0.5034750229999982
6550,682193,3718.7196290290517,0.5046035819999979
6560,683228,3725.269199861785,0.5057238509999982
6570,684269,3725.269199861785,0.5068470779999981
6580,685316,3727.5197847459362,0.5079633559999985
6590,686353,3721.1513887413084,0.5090930039999986
6600,687389,3740.436865936458,0.5102651369999984
6610,688422,3711.432124297174,0.5114066899999985
6620,689461,3721.1513887413084,0.5125255799999984
6630,690510,3711.6000949674763,0.5136526949999984
6640,691546,3743.5726868888987,0.5147761419999979
6650,692580,3724.6322453979187,0.5158985139999972
6660,693625,3701.1412665098446,0.5170348479999971
6670,694664,3747.416742835566,0.5181723009999972
6680,695711,3711.6000949674763,0.5193030239999974
6690,696748,3724.6322453979187,0.5204206479999973
6700,697782,3724.6322453979187,0.5215311739999979
6710,698822,3742.106707985759,0.5226565689999987
6720,699865,3724.6322453979187,0.5238166089999989
6730,700902,3742.204229042879,0.5249419929999988
6740,701949,3724.6322453979187,0.5260576759999989
6750,702991,3725.7284096363883,0.5271838399999993
6760,704033,3699.7656073314092,0.5283037349999988
6770,705070,3724.6322453979187,0.5294196709999985
6780,706111,3753.726474795146,0.5305895259999982
6790,707148,3737.0872829098475,0.5317410529999975
6800,708184,3706.380825538198,0.5328685599999972
6810,709219,3734.927156903679,0.533986472999997
6820,710262,3723.887161809103,0.5351160109999968
6830,711298,3724.6322453979187,0.5362372999999963
6840,712331,3727.857294711576,0.5373680339999964
6850,713372,3746.6205209402324,0.5385146769999967
6860,714418,3691.869247954392,0.5396515529999961
6870,715458,3735.5730714916826,0.5407733889999964
6880,716504,3731.925815978874,0.5418931409999965
6890,717542,3733.335262017729,0.5430101649999965
6900,718584,3703.5822891756443,0.5441739289999967
6910,719621,3700.157205775346,0.545313786999996
6920,720660,3714.2731111951375,0.546439590999996
6930,721706,3700.3576866837266,0.5475594329999955
6940,722746,3684.4519539865473,0.5486812959999954
6950,723785,3698.6096142561105,0.5497995779999956
6960,724816,3721.6334129907414,0.5509748649999953
6970,725858,3733.335262017729,0.5521177079999946
6980,726897,3742.846303223613,0.5532438349999946
6990,727930,3704.740103072551,0.5543810379999945
7000,728964,3715.4550275548945,0.5555022589999945
7010,730005,3739.438673855581,0.5566136819999938
7020,731051,3710.601902886599,0.5577469899999938
7030,732089,3768.1978869960635,0.558890175999994
7040,733133,3737.4491050566076,0.5600188259999932
7050,734177,3737.5267616856363,0.5611322499999938
7060,735225,3743.897303515505,0.5622615129999939
7070,736271,3729.5113388773098,0.563393866999994
7080,737304,3744.07633251837,0.564552722999994
7090,738341,3701.904903564315,0.5657146019999946
7100,739384,3743.2356785151173,0.5668553159999945
7110,740430,3697.9540399328807,0.5679817359999939
7120,741480,3743.897303515505,0.5690979259999942
7130,742518,3702.7598790536,0.5702200259999941
7140,743558,3713.5083885478857,0.5713617639999944
7150,744597,3679.6440703010285,0.5725183139999945
7160,745639,3689.0763762257257,0.5736504629999946
7170,746680,3700.7487072693953,0.5747828649999951
7180,747722,3690.671848076813,0.5759081549999951
7190,748764,3703.224710608441,0.5770324269999954
7200,749805,3716.3666775810934,0.5781724489999958
7210,750841,3697.8887047889903,0.5793173039999955
7220,751885,3737.5267616856363,0.5804419829999956
7230,752930,3692.2451231033997,0.5815674529999955
7240,753973,3665.958494834531,0.5826935969999951
7250,755017,3721.0818940723816,0.583817628999995
7260,756060,3713.4052072079426,0.584962325999995
7270,757095,3737.8187927937306,0.5861268329999954
7280,758140,3731.863450096025,0.5872443429999956
7290,759182,3704.625999880144,0.5883568319999961
7300,760225,3745.377799129365,0.5894701659999964
7310,761271,3691.5764063581246,0.5905869229999965
7320,762314,3724.217715024822,0.5917092669999962
7330,763353,3745.377799129365,0.5928486329999956
7340,764390,3772.9629848914556,0.5939806929999962
7350,765423,3777.518459958454,0.595095094999996
7360,766465,3724.217715024822,0.5962055749999955
7370,767507,3751.7614952094254,0.597315261999996
7380,768545,3770.611573729663,0.5984349079999962
7390,769579,3762.432715810676,0.5995749279999965
7400,770618,3739.6564852215647,0.6006960699999961
7410,771659,3739.6318595993453,0.6018148229999962
7420,772696,3734.7447518527238,0.6029308859999958
7430,773740,3768.592300343314,0.6040377869999958
7440,774774,3725.512114668518,0.6051487819999952
7450,775820,3762.7337504493794,0.606331542999996
7460,776859,3800.8308826549974,0.6074601739999954
7470,777898,3765.650054044002,0.608409240999995
7480,778929,3765.254592108774,0.6091417239999952
7490,779966,3776.9952698097236,0.6098806979999951
7500,781004,3802.087218725591,0.6106115739999955
7510,782033,3752.0896187170647,0.6113400809999954
7520,783080,3789.705402311147,0.6120747779999949
7530,784124,3765.593816244247,0.612846268999995
7540,785167,3750.6245410295255,0.6136116859999943
7550,786205,3734.450721141923,0.6143493989999937
7560,787249,3750.6345094403196,0.6150875479999938
7570,788293,3774.1727211370394,0.6158189539999936
7580,789338,3746.1814304320787,0.6165508469999939
7590,790376,3750.6245410295255,0.6172844079999935
7600,791409,3743.7490086998723,0.6180161399999928
7610,792439,3759.2481748955342,0.6187477789999933
7620,793484,3753.765155574488,0.6194879989999933
7630,794521,3748.7065799585434,0.6202421119999935
7640,795561,3719.7878738465147,0.620979096999994
7650,796605,3753.765155574488,0.6217210829999935
7660,797648,3765.254592108774,0.6224489629999939
7670,798691,3774.195542189672,0.6231792169999943
7680,799734,3765.254592108774,0.6239074779999942
7690,800778,3728.7621292651297,0.624637046999994
7700,801809,3741.143006041874,0.6253732069999938
7710,802848,3752.2224416783315,0.6261538269999942
7720,803892,3786.5580212613995,0.626927375999994
7730,804934,3757.670866966365,0.6276693219999947
7740,805973,3750.458999156942,0.6284013399999946
7750,807016,3797.149259275969,0.6291419449999944
7760,808055,3779.475730089079,0.6298739679999947
7770,809103,3754.8254904883147,0.630604540999995
7780,810140,3774.8679660018365,0.6313307659999943
7790,811175,3769.4260353493305,0.6320595409999941
7800,812223,3769.5254752177116,0.6328111669999945
7810,813264,3781.5524377877405,0.6335859769999947
7820,814304,3809.4019937624194,0.6343285889999954
7830,815337,3815.134318873057,0.6350678429999963
7840,816378,3813.4659845989295,0.6358039189999962
7850,817416,3819.8495353643452,0.6365395469999955
7860,818458,3855.701799132195,0.6372841439999952
7870,819501,3774.9767853089043,0.6380158259999948
7880,820542,3751.8286123609064,0.6387478379999951
7890,821587,3783.856732473026,0.6395104689999958
7900,822621,3816.2205147007335,0.6402959369999959
7910,823660,3804.4798369997834,0.6410525419999962
7920,824700,3784.042098454724,0.6417990479999958
7930,825734,3792.984172260302,0.6425507749999957
7940,826773,3799.7646205084948,0.6432985499999955
7950,827814,3781.4124171177023,0.6440380059999953
7960,828853,3784.428806875265,0.6447850199999952
7970,829893,3749.1656034593766,0.6455242949999951
7980,830943,3705.7654303108466,0.6462768459999948
7990,831973,3730.779331469811,0.6470406159999946
8000,833015,3705.829729956839,0.6477832059999953
8010,834060,3736.7042833006462,0.6485247729999957
8020,835087,3770.261568817616,0.6492780249999957
8030,836117,3770.8150179735444,0.6500257529999951
8040,837157,3810.8290490767545,0.6507986569999957
8050,838194,3784.015139074289,0.6515891559999964
8060,839231,3806.221284989512,0.6523774459999965
8070,840273,3819.4214060902564,0.6531784689999967
8080,841313,3796.3960158510326,0.6539580959999967
8090,842340,3782.1096989226116,0.654725296999997
8100,843375,3783.195894750288,0.6555071059999973
8110,844421,3819.4214060902564,0.6562668679999977
8120,845469,3798.3387622342234,0.6570365239999978
8130,846506,3800.819654832992,0.6578033579999971
8140,847543,3796.3960158510326,0.658559002999997
8150,848582,3819.4214060902564,0.6593113049999966
8160,849621,3821.4765169429998,0.660082144999997
8170,850665,3833.130440437671,0.6608676039999963
8180,851705,3820.098290007229,0.661647161999996
8190,852741,3819.4214060902564,0.6624101549999954
8200,853783,3800.152739326813,0.6631685689999953
8210,854819,3820.098290007229,0.663930522999995
8220,855855,3824.146590992338,0.664691332999995
8230,856891,3800.152739326813,0.6654428129999959
8240,857926,3800.152739326813,0.6662044229999955
8250,858968,3806.8981689064844,0.6669621009999949
8260,860008,3800.152739326813,0.6677445619999949
8270,861039,3778.0613979375025,0.6687458639999955
8280,862087,3821.9326443486743,0.6695130149999962
8290,863130,3791.261519038247,0.6702654979999965
8300,864165,3771.315968357831,0.6710330599999965
8310,865203,3800.152739326813,0.671798898999997
8320,866243,3786.9526182260684,0.6725449119999967
8330,867281,3800.152739326813,0.6733193719999964
8340,868310,3796.104438341704,0.6740886089999965
8350,869342,3791.261519038247,0.6748547069999962
8360,870385,3771.315968357831,0.6755920829999962
8370,871426,3771.315968357831,0.6763453849999959
8380,872467,3796.104438341704,0.6770820259999955
8390,873509,3795.309820023356,0.6778156009999954
8400,874544,3800.152739326813,0.6785554539999961
8410,875581,3771.315968357831,0.6792871479999958
8420,876622,3771.315968357831,0.6800343559999957
8430,877657,3815.93428027348,0.6808147679999959
8440,878705,3820.8929083255766,0.6815727279999955
8450,879744,3832.6335860265267,0.6823181149999948
8460,880777,3820.8929083255766,0.6830544419999951
8470,881812,3845.0144628032704,0.6837850489999946
8480,882851,3821.7613249677393,0.6845260969999947
8490,883891,3823.284287573741,0.6852596029999942
8500,884931,3820.8929083255766,0.6859910959999942
8510,885970,3820.8929083255766,0.6867250479999942
8520,886999,3820.8929083255766,0.687470697999994
8530,888043,3805.414099501036,0.6882835199999935
8540,889081,3792.0561373565943,0.6890502519999933
8550,890114,3815.211754135006,0.6897924329999929
8560,891153,3789.9169340232697,0.6905254129999934
8570,892191,3795.4275544247307,0.691264072999993
8580,893228,3820.8929083255766,0.6920133189999929
8590,894267,3794.3198137925906,0.6927453209999923
8600,895317,3771.315968357831,0.6934785529999923
8610,896359,3825.066532680199,0.6942410079999926
8620,897401,3820.8929083255766,0.6949955499999927
8630,898439,3815.211754135006,0.6957527529999927
8640,899487,3791.090199657312,0.6964915349999927
8650,900534,3791.090199657312,0.6972245509999926
8660,901571,3828.1768232598397,0.6979580939999925
8670,902620,3815.2017857242117,0.6986904859999923
8680,903662,3791.9586162994747,0.699425411999993
8690,904698,3815.2017857242117,0.7001628469999934
8700,905740,3815.2017857242117,0.7009510949999926
8710,906779,3796.026270259067,0.7017092759999928
8720,907820,3791.090199657312,0.7024541479999931
8730,908859,3815.2017857242117,0.7031915439999938
8740,909898,3815.211754135006,0.703932259999994
8750,910943,3791.090199657312,0.7046658859999937
8760,911981,3799.1432654919954,0.7053988379999936
8770,913018,3815.211754135006,0.706131011999994
8780,914052,3815.211754135006,0.7068676809999941
8790,915093,3815.211754135006,0.7076084429999945
8800,916129,3782.894126509413,0.7083975199999948
8810,917170,3782.894126509413,0.7091790589999949
8820,918211,3815.211754135006,0.7099363069999951
8830,919256,3840.5676684473774,0.7106735009999952
8840,920283,3782.894126509413,0.7114180469999951
8850,921326,3737.876066867683,0.7121568089999943
8860,922363,3787.6093430007018,0.7128921989999943
8870,923403,3787.6093430007018,0.7136263169999948
8880,924450,3787.73704581287,0.7143603269999952
8890,925485,3767.585624237649,0.7151407699999952
8900,926538,3767.585624237649,0.7159073589999947
8910,927579,3770.712969363473,0.7166432189999945
8920,928618,3758.7725720317194,0.7173682809999944
8930,929657,3780.6090994235788,0.718100434999994
8940,930703,3772.9937100120246,0.718829823999994
8950,931746,3767.585624237649,0.7195683819999941
8960,932786,3763.615491335176,0.7202957079999939
8970,933830,3787.6093430007018,0.7210298459999933
8980,934870,3804.597983864688,0.7218187249999941
8990,935908,3787.6093430007018,0.7225650869999942
9000,936947,3787.6093430007018,0.7233039869999942
9010,937985,3792.4522623041585,0.7240341299999944
9020,939018,3804.597983864688,0.7247656809999947
9030,940054,3787.6093430007018,0.7254959409999948
9040,941091,3809.371831305677,0.7262238949999951
9050,942134,3817.4120516689663,0.7269531939999947
9060,943176,3808.0788405212984,0.7276878489999943
9070,944216,3804.597983864688,0.7284712579999937
9080,945258,3804.597983864688,0.7292289839999935
9090,946313,3804.597983864688,0.7299869789999933
9100,947355,3816.978860641432,0.7307404179999928
9110,948392,3817.63013429513,0.7314832079999931
9120,949429,3804.597983864688,0.7322142129999936
9130,950476,3813.6736438615862,0.7329504009999939
9140,951508,3804.597983864688,0.7336814789999941
9150,952546,3804.597983864688,0.7344093889999934
9160,953590,3804.597983864688,0.7351519849999937
9170,954633,3804.597983864688,0.7359250819999943
9180,955675,3804.597983864688,0.7366912099999938
9190,956715,3776.958875690081,0.7374315349999936
9200,957752,3776.771295394611,0.7381600199999934
9210,958798,3804.597983864688,0.7388872139999938
9220,959840,3778.533683003803,0.7396271769999938
9230,960879,3804.597983864688,0.7403544889999942
9240,961919,3806.432338206133,0.7410834369999941
9250,962951,3806.432338206133,0.7418146439999944
9260,963996,3775.7612128957057,0.7426052179999942
9270,965034,3780.6041321991624,0.7433724609999945
9280,966071,3775.7612128957057,0.744105170999994
9290,967114,3780.6041321991624,0.7448333309999935
9300,968152,3801.117127208078,0.7455613349999934
9310,969200,3775.7612128957057,0.7462905689999939
9320,970237,3775.7612128957057,0.7470247879999938
9330,971276,3783.2903705374256,0.7477544389999933
9340,972320,3775.7612128957057,0.7484857079999934
9350,973351,3761.2403611445197,0.7492571139999935
9360,974401,3750.972742911833,0.7500261839999931
9370,975439,3780.7754515800975,0.7507682439999934
9380,976473,3783.2903705374256,0.7515103509999932
9390,977502,3783.2903705374256,0.752244246999993
9400,978539,3755.9088135135885,0.7529761519999925
9410,979578,3762.6282576778417,0.7537122639999927
9420,980617,3765.193880892138,0.7544417889999924
9430,981655,3791.9329951011473,0.755176562999992
9440,982690,3783.2903705374256,0.7559300019999924
9450,983728,3783.2903705374256,0.756710503999992
9460,984768,3812.603653964543,0.7574630059999921
9470,985809,3780.7754515800975,0.7581956079999923
9480,986847,3753.8166451045768,0.758935330999992
9490,987888,3772.4195338367713,0.759664676999992
9500,988929,3780.7754515800975,0.7603943899999921
9510,989967,3780.7754515800975,0.7611226369999917
9520,991007,3800.607317915925,0.7618516029999913
9530,992053,3793.1563283568416,0.7626361529999919
9540,993096,3783.6193537728414,0.7633879109999917
9550,994133,3751.301726147249,0.7641273789999916
9560,995168,3763.6826029239933,0.7648588719999916
9570,996208,3763.6826029239933,0.765586461999991
9580,997239,3723.0090575550744,0.7663134959999907
9590,998283,3780.7754515800975,0.7670494509999903
9600,999321,3742.5225188194504,0.7677795169999904
9610,1000362,3756.5386436581807,0.7685066829999903
9620,1001404,3780.7754515800975,0.7692358619999906
9630,1002439,3773.1936441298776,0.7700220209999911
9640,1003479,3787.794188990893,0.7707918059999912
9650,1004521,3762.8885210782014,0.7715420629999912
9660,1005553,3765.732423270945,0.7722813459999909
9670,1006594,3744.5723391664023,0.7730111079999906
9680,1007630,3763.6826029239933,0.7737394769999906
9690,1008667,3793.1563283568416,0.7744765509999905
9700,1009708,3793.1563283568416,0.7752114129999903
9710,1010752,3765.732423270945,0.7759500829999908
9720,1011803,3780.7754515800975,0.7767211389999904
9730,1012845,3763.6826029239933,0.7774688969999906
9740,1013884,3763.6826029239933,0.7782074429999906
9750,1014916,3765.732423270945,0.7789454819999913
9760,1015959,3765.732423270945,0.7796761779999919
9770,1016997,3793.1563283568416,0.7804032149999918
9780,1018039,3770.444395150306,0.7811310099999922
9790,1019086,3782.8252719270495,0.7818609829999925
9800,1020127,3793.1563283568416,0.7825971269999918
9810,1021174,3763.6826029239933,0.7833767089999917
9820,1022219,3765.732423270945,0.784128225999992
9830,1023271,3765.732423270945,0.7848691639999918
9840,1024306,3763.6826029239933,0.7856002739999912
9850,1025350,3763.6826029239933,0.7863359769999905
9860,1026384,3763.6826029239933,0.7870625919999901
9870,1027432,3766.7560861553525,0.7877901209999898
9880,1028471,3771.426153127313,0.7885190019999895
9890,1029507,3765.732423270945,0.7892451119999899
9900,1030560,3793.1563283568416,0.7900029689999899
9910,1031611,3770.7891986634463,0.7907670169999896
9920,1032656,3792.519373892975,0.7915143739999895
9930,1033706,3765.732423270945,0.7922415409999894
9940,1034745,3765.732423270945,0.7929711789999896
9950,1035787,3755.4933717970075,0.7937012189999892
9960,1036828,3763.6826029239933,0.7944394039999896
9970,1037866,3782.4379354949374,0.7951677609999894
9980,1038903,3770.3395106372845,0.7958979369999897
9990,1039947,3739.332181069456,0.7966290339999897
